$ 1 0.000005 31.41906602856942 24 5 50 5e-11
165 336 176 448 176 12 4.999999950000018
w 304 144 400 144 0
R 304 144 304 96 0 0 40 5 0 0 0.5
w 400 144 464 144 0
w 464 144 464 208 0
g 432 336 432 352 0 0
w 336 304 288 304 0
r 240 304 240 256 0 4700
c 288 304 288 352 4 0.00001 0.6805829491525083 0.001
g 288 352 288 384 0 0
407 96 304 160 304 1
g 192 336 192 384 0 0
v -64 336 -64 240 0 1 60 170 0 0 0.5
d 96 336 96 304 2 default
s -64 240 16 240 0 0 false
r 96 240 96 304 0 2000
w 288 304 240 304 0
w 288 272 336 272 0
w 288 272 288 304 0
x 312 393 601 396 4 12 >40mS\sfrom\slast\soptocoupler\spulse\sto\soutput\sgoing\slow
x -48 209 16 212 4 24 FUSE
r 192 160 192 112 0 10000
R 192 112 192 64 0 0 40 5 0 0 0.5
w 192 160 288 160 0
x 183 194 272 197 4 24 Interrupt
R 240 256 240 224 0 0 40 5 0 0 0.5
w 336 208 288 208 0
w 288 208 288 160 0
r 192 304 240 304 0 100
162 496 176 496 240 2 default-led 1 0 0 0.01
w 496 240 464 240 0
r 496 176 496 112 0 1000
x 518 206 544 209 4 12 Fuse
x 516 222 562 225 4 12 Indicator
165 336 -96 448 -96 4 5.000000000000001
g 432 64 432 96 0 0
w 464 -32 496 -32 0
w 496 -32 496 112 0
R 400 -128 400 -176 0 0 40 5 0 0 0.5
w 464 -64 464 -128 0
w 464 -128 400 -128 0
r 304 -64 304 -128 0 10000
r 304 -64 304 0 0 20000
w 304 0 336 0 0
w 304 0 304 32 0
w 304 32 336 32 0
w 304 -128 400 -128 0
w 336 -64 304 -64 0
c 272 32 272 80 4 0.00001 2.6212874092727034 0.001
g 272 80 272 96 0 0
w 272 32 304 32 0
x 511 22 587 25 4 24 2.88Hz
x 510 44 652 47 4 24 207mS\sHIGH
x 504 71 641 74 4 24 139mS\sLOW
w 96 336 -64 336 0
c 96 240 16 240 0 1.0000000000000001e-7 26.41894777297241 0.001
o 15 4 7 4099 20 0.05 0 1 0.625
